10000000 100000 
10
10000000 10000000 10000000 10000000 10000000 10000000 10000000 10000000 10000000 10000000 10000000
10000000 100000
10
10000000 10000000 10000000 10000000 10000000 10000000 10000000 10000000 10000000 10000000 10000000
10000000 100000
10
10000000 10000000 10000000 10000000 10000000 10000000 10000000 10000000 10000000 10000000 10000000
10000000 100000
10
10000000 10000000 10000000 10000000 10000000 10000000 10000000 10000000 10000000 10000000 10000000
10000000 100000
10
10000000 10000000 10000000 10000000 10000000 10000000 10000000 10000000 10000000 10000000 10000000
0 0
